$ 1 0.000005 10.20027730826997 50 5 50
t 224 224 256 224 0 1 0 0 200
t 288 192 320 192 0 1 0 0 200
w 256 176 256 192 0
162 320 128 320 160 2 default-led 1 0 0 0.01
w 320 160 320 176 1
w 320 128 320 112 0
w 320 112 304 112 0
r 304 112 256 112 0 450
r 192 128 192 176 0 100000
w 192 176 192 224 0
w 192 128 192 112 0
r 256 128 256 176 0 100000
w 256 192 288 192 1
w 256 112 256 128 0
w 320 208 320 304 0
w 320 304 256 304 0
r 192 240 192 288 0 6300
w 192 224 192 240 2
w 192 288 192 304 0
w 192 304 256 304 0
w 256 240 256 304 1
w 192 112 176 112 0
w 192 304 176 304 0
172 176 112 144 112 0 7 9.3 9.3 8.7 0 0.5 Voltage
g 176 320 176 336 0
w 192 112 256 112 0
w 256 192 256 208 0
w 176 304 176 320 0
w 192 224 224 224 0
