$ 1 0.000005 10.20027730826997 50 5 50
t 224 224 256 224 0 1 0.4531780263360994 0.5377300866907909 200
t 288 192 320 192 0 1 -9.872718994858406 0.08455206035469155 200
w 256 176 256 192 0
162 320 128 320 160 2 default-led 1 0 0 0.01
w 320 160 320 176 1
w 320 128 320 112 0
w 320 112 304 112 0
r 304 112 256 112 0 450
r 224 128 224 176 0 100000
w 224 176 224 224 0
w 224 128 224 112 0
r 256 128 256 176 0 100000
w 256 192 288 192 1
w 256 112 256 128 0
w 320 208 320 304 0
w 320 304 256 304 0
r 224 240 224 288 0 6000
w 224 224 224 240 2
w 224 288 224 304 0
w 224 304 256 304 0
w 256 240 256 304 0
w 224 112 208 112 0
w 224 304 192 304 0
172 208 112 176 112 0 7 9.96 10 8 0 0.5 Voltage
g 192 304 192 320 0
w 224 112 256 112 0
w 256 192 256 208 0
